[preset00]
fRating=0.000000
fGammaAdj=1.000000
fDecay=0.995000
fVideoEchoZoom=1.000000
nVideoEchoOrientation=3.000000
nWaveMode=5.000000
fWaveAlpha=100.000000
fWaveScale=0.721000
fWaveSmoothing=0.500000
fModWaveAlphaStart=0.500000
fModWaveAlphaEnd=1.000000
fWarpAnimSpeed=0.028000
fWarpScale=0.905000
fDX=0.000010
fDY=0.000010
fWarp=0.010000
fWaveR=0.500000
fWaveG=0.500000
fWaveB=0.500000
fOuterBorderSize=0.005000
fOuterBorderA=1.000000
fInnerBorderSize=0.000000
fInnerBorderR=0.000000
fInnerBorderG=0.000000
fInnerBorderB=0.000000
nMotionVectorsX=0.000000
nMotionVectorsY=0.000000
nMotionVectorsLoop=1.000000
fMotionVectorsA=0.000000

[shape00_0]
bEnabled=0.000000

[shape00_1]
bEnabled=0.000000

[shape00_2]
bEnabled=0.000000

[shape00_3]
bEnabled=0.000000

[wave00_0]
bEnabled=0.000000

[wave00_1]
bEnabled=0.000000

[wave00_2]
bEnabled=0.000000

[wave00_3]
bEnabled=0.000000

[warp_shader]
shader_body { 
  vec3 ret_1;
  ret_1 = (texture (sampler_main, uv).xyz + ((
    (texture (sampler_noise_lq, (((uv_orig * texsize.xy) * texsize_noise_lq.zw) + rand_frame.xy)).xyz - 0.5)
   / 256.0) * 7.0));
  vec3 tmpvar_2;
  tmpvar_2 = fract((ret_1 - (
    (clamp (((vol / vol_att) - 1.1), 0.0, 1.0) * 0.5)
   + 0.004)));
  ret_1 = tmpvar_2;
  vec4 tmpvar_3;
  tmpvar_3.w = 1.0;
  tmpvar_3.xyz = tmpvar_2;
  ret = tmpvar_3.xyz;
 }
