[preset00]
fRating=5.000000
fGammaAdj=1.770001
fVideoEchoZoom=1.006596
fVideoEchoAlpha=0.500000
nVideoEchoOrientation=1.000000
nWaveMode=2.000000
bAdditiveWaves=1.000000
bModWaveAlphaByVolume=1.000000
bTexWrap=0.000000
fWaveAlpha=1.059151
fWaveScale=1.285751
fWaveSmoothing=0.630000
fModWaveAlphaStart=0.710000
fModWaveAlphaEnd=1.300000
fWarpAnimSpeed=3.749272
fWarpScale=0.721417
fZoomExponent=0.255373
fShader=0.500000
fZoom=0.989617
fWarp=0.010000
fSx=1.030301
fWaveR=0.650000
fWaveG=0.650000
fWaveB=0.650000
fOuterBorderSize=0.050000
fOuterBorderB=0.100000
fOuterBorderA=0.100000
fInnerBorderSize=0.260000
nMotionVectorsX=64.000000
nMotionVectorsY=20.160004
nMotionVectorsLoop=0.000000
fMotionVectorsG=0.400000
fMotionVectorsA=0.000000

[shape00_0]
bEnabled=1.000000
nSides=100.000000
bAdditive=1.000000
fX=0.700000
fRad=0.134784
fTexZoom=1.220188
fG=1.000000
fA=0.100000
fBorderA=0.000000

[shape00_1]
bEnabled=1.000000
nSides=100.000000
bAdditive=1.000000
fY=0.700000
fR=0.000000
fB=1.000000
fA=0.100000
fG2=0.000000
fB2=0.100000
fBorderA=0.000000

[shape00_2]
bEnabled=0.000000

[shape00_3]
bEnabled=0.000000

[wave00_0]
bEnabled=1.000000
bUseDots=1.000000
bThick=1.000000
bAdditive=1.000000

[wave00_1]
bEnabled=1.000000
bUseDots=1.000000
bThick=1.000000
bAdditive=1.000000

[wave00_2]
bEnabled=1.000000
bUseDots=1.000000
bThick=1.000000
bAdditive=1.000000

[wave00_3]
bEnabled=1.000000
bUseDots=1.000000
bThick=1.000000
bAdditive=1.000000
