[preset00]
fRating=5.000000
fGammaAdj=1.500000
fVideoEchoZoom=1.010137
fVideoEchoAlpha=0.500000
nVideoEchoOrientation=1.000000
nWaveMode=2.000000
bAdditiveWaves=1.000000
bMotionVectorsOn=0.000000
fWaveAlpha=2.500000
fWaveScale=2.202000
fWaveSmoothing=0.700000
fWarpScale=2.853000
fZoom=1.031000
fWarp=1.196462
fWaveR=0.400000
fWaveG=0.600000
fWaveB=0.800000

[shape00_0]
bEnabled=0.000000

[shape00_1]
bEnabled=0.000000

[shape00_2]
bEnabled=0.000000

[shape00_3]
bEnabled=0.000000
