[preset00]
fRating=5.000000
fDecay=0.990000
nWaveMode=2.000000
bModWaveAlphaByVolume=1.000000
bMaximizeWaveColor=0.000000
fWaveAlpha=2.426125
fWaveScale=1.881700
fWaveSmoothing=0.900000
fZoom=1.020000
fWarp=0.076000
fWaveR=0.650000
fWaveG=0.150000
fWaveB=0.350000
fMotionVectorsA=0.000000

[shape00_0]
bEnabled=0.000000

[shape00_1]
bEnabled=0.000000

[shape00_2]
bEnabled=0.000000

[shape00_3]
bEnabled=0.000000
