[preset00]
fRating=0.000000
fGammaAdj=1.980000
nWaveMode=2.000000
bWaveThick=1.000000
bMaximizeWaveColor=0.000000
fWaveAlpha=7.900000
fWaveScale=0.769339
fWaveSmoothing=0.900000
fZoom=1.135000
fWarp=0.280000
fWaveR=0.000000
fWaveG=0.000000
fWaveB=0.000000
fMotionVectorsA=0.000000

[shape00_0]
bEnabled=0.000000

[shape00_1]
bEnabled=0.000000

[shape00_2]
bEnabled=0.000000

[shape00_3]
bEnabled=0.000000
