[preset00]
fRating=0.000000
fGammaAdj=1.997000
nWaveMode=2.000000
bAdditiveWaves=1.000000
bMotionVectorsOn=0.000000
fWaveAlpha=2.800000
fWaveScale=1.170000
fWaveSmoothing=0.700000
fZoomExponent=1.000415
fZoom=1.006000
fRot=-0.080000
fWarp=0.057228
fWaveR=0.650000
fWaveG=0.650000
fWaveB=0.650000

[shape00_0]
bEnabled=0.000000

[shape00_1]
bEnabled=0.000000

[shape00_2]
bEnabled=0.000000

[shape00_3]
bEnabled=0.000000
