[preset00]
fRating=5.000000
fGammaAdj=1.900000
fVideoEchoZoom=1.169360
nWaveMode=5.000000
bAdditiveWaves=1.000000
bWaveDots=1.000000
bMotionVectorsOn=0.000000
fWaveAlpha=3.299999
fWaveScale=1.694000
fWaveSmoothing=0.900000
fWarpScale=3.138000
fZoom=1.053000
fWarp=0.263000
fWaveR=0.500000
fWaveG=0.500000
fWaveB=0.800000

[shape00_0]
bEnabled=0.000000

[shape00_1]
bEnabled=0.000000

[shape00_2]
bEnabled=0.000000

[shape00_3]
bEnabled=0.000000
