[preset00]
fRating=0.000000
fGammaAdj=1.998000
nWaveMode=3.000000
bWaveThick=1.000000
fWaveAlpha=4.400000
fWaveScale=1.170370
fWaveSmoothing=0.900000
fWarpScale=2.853000
fRot=0.006000
fWarp=0.000000
fWaveR=0.900000
fWaveG=0.450000
fWaveB=0.000000
fMotionVectorsA=0.000000

[shape00_0]
bEnabled=0.000000

[shape00_1]
bEnabled=0.000000

[shape00_2]
bEnabled=0.000000

[shape00_3]
bEnabled=0.000000
