[preset00]
fRating=0.000000
nWaveMode=1.000000
bWaveThick=1.000000
fWaveAlpha=0.300000
fWaveScale=1.170370
fWaveSmoothing=0.500000
fWarpScale=2.853000
fZoomExponent=3.600000
fZoom=1.014000
fRot=-0.160000
fWarp=0.309000
fWaveR=0.600000
fWaveG=0.600000
fWaveB=0.600000
fWaveY=0.470000
fMotionVectorsA=0.000000

[shape00_0]
bEnabled=0.000000

[shape00_1]
bEnabled=0.000000

[shape00_2]
bEnabled=0.000000

[shape00_3]
bEnabled=0.000000
