[preset00]
fRating=5.000000
fGammaAdj=1.993000
bMaximizeWaveColor=0.000000
bTexWrap=0.000000
fWaveAlpha=1.000000
fWaveScale=0.010000
fWaveSmoothing=0.700000
fWaveParam=-0.400000
fWarpScale=1.331000
fZoom=1.004000
fWarp=0.197884
fSx=0.999667
fSy=0.999900
fWaveR=0.550000
fWaveG=0.550000
fWaveB=0.550000
fWaveY=0.680000
fOuterBorderR=1.000000
fOuterBorderA=0.700000
fInnerBorderR=0.000000
fInnerBorderG=0.000000
fInnerBorderB=0.000000
fInnerBorderA=1.000000
nMotionVectorsX=64.000000
nMotionVectorsY=48.000000
nMotionVectorsLoop=0.000000
fMotionVectorsR=0.800000
fMotionVectorsG=0.800000
fMotionVectorsB=0.800000

[shape00_0]
bEnabled=0.000000

[shape00_1]
bEnabled=0.000000

[shape00_2]
bEnabled=0.000000

[shape00_3]
bEnabled=0.000000

[wave00_0]
bEnabled=0.000000

[wave00_1]
bEnabled=0.000000

[wave00_2]
bEnabled=0.000000

[wave00_3]
bEnabled=0.000000
