[preset00]
fRating=0.000000
fGammaAdj=1.350000
fDecay=1.000000
nWaveMode=2.000000
bAdditiveWaves=1.000000
bMotionVectorsOn=0.000000
fWaveAlpha=3.699999
fWaveScale=1.300000
fWaveSmoothing=0.900000
fZoomExponent=1.000415
fShader=1.000000
fZoom=1.006882
fRot=0.040000
fWarp=0.057228
fWaveR=0.650000
fWaveG=0.650000
fWaveB=0.650000

[shape00_0]
bEnabled=0.000000

[shape00_1]
bEnabled=0.000000

[shape00_2]
bEnabled=0.000000

[shape00_3]
bEnabled=0.000000
