[preset00]
fRating=0.000000
fGammaAdj=1.900000
fDecay=0.970000
nWaveMode=3.000000
bMotionVectorsOn=0.000000
fWaveScale=1.981000
fWaveSmoothing=0.600000
fWarpScale=2.853000
fZoom=0.995000
fWarp=0.000000
fWaveR=0.600000
fWaveG=0.600000
fWaveB=0.600000
fWaveX=0.975000

[shape00_0]
bEnabled=0.000000

[shape00_1]
bEnabled=0.000000

[shape00_2]
bEnabled=0.000000

[shape00_3]
bEnabled=0.000000
