[preset00]
fRating=5.000000
fDecay=0.970000
nWaveMode=2.000000
bMotionVectorsOn=0.000000
fWaveAlpha=3.500000
fWaveScale=2.720000
fWaveSmoothing=0.770000
fWarpScale=2.853000
fZoom=1.046000
fRot=0.020000
fWarp=1.420000
fWaveR=0.600000
fWaveG=0.600000
fWaveB=0.600000
fWaveY=0.470000

[shape00_0]
bEnabled=0.000000

[shape00_1]
bEnabled=0.000000

[shape00_2]
bEnabled=0.000000

[shape00_3]
bEnabled=0.000000
