[preset00]
fRating=0.000000
nWaveMode=6.000000
bMotionVectorsOn=0.000000
fWaveAlpha=4.000000
fWaveScale=1.691672
fWaveSmoothing=0.500000
fWarpScale=3.138000
fZoom=1.000300
fCY=0.110000
fDY=-0.001000
fWarp=0.024300
fSx=1.001992
fSy=1.004987
fWaveR=0.000000
fWaveG=0.570000
fWaveX=0.650000

[shape00_0]
bEnabled=0.000000

[shape00_1]
bEnabled=0.000000

[shape00_2]
bEnabled=0.000000

[shape00_3]
bEnabled=0.000000
