[preset00]
fRating=0.000000
fGammaAdj=6.600000
fDecay=1.000000
fVideoEchoZoom=1.000000
fVideoEchoAlpha=0.500000
nVideoEchoOrientation=2.000000
bAdditiveWaves=1.000000
bWaveThick=1.000000
bModWaveAlphaByVolume=1.000000
bTexWrap=0.000000
bDarken=1.000000
fWaveAlpha=2.125000
fWaveScale=0.600000
fWaveSmoothing=0.000000
fWaveParam=0.160000
fModWaveAlphaStart=0.000000
fZoomExponent=4.574820
fZoom=1.007780
fRot=0.020000
fWarp=0.010000
fWaveR=0.800000
fWaveG=0.800000
fWaveB=0.600000
fOuterBorderSize=0.050000
fOuterBorderR=1.000000
fInnerBorderSize=0.000000
fInnerBorderR=0.000000
fInnerBorderG=0.000000
fInnerBorderB=0.000000
fInnerBorderA=1.000000
nMotionVectorsX=64.000000
nMotionVectorsY=48.000000
nMotionVectorsLoop=1.500000
fMotionVectorsR=0.000000
fMotionVectorsG=0.000000
fMotionVectorsB=0.000000
fMotionVectorsA=0.000000

[shape00_0]
bEnabled=1.000000
nSides=40.000000
bThickOutline=1.000000
bTextured=1.000000
fRad=0.402710
fR=0.000000
fR2=1.000000
fB2=1.000000
fA2=1.000000
fBorderA=0.000000

[shape00_1]
bEnabled=0.000000

[shape00_2]
bEnabled=0.000000

[shape00_3]
bEnabled=0.000000

[wave00_0]
bEnabled=0.000000

[wave00_1]
bEnabled=0.000000

[wave00_2]
bEnabled=0.000000

[wave00_3]
bEnabled=0.000000
