[preset00]
fRating=5.000000
fGammaAdj=2.200000
fDecay=0.989000
fVideoEchoZoom=0.999608
nWaveMode=5.000000
bMotionVectorsOn=0.000000
bDarken=1.000000
fWaveScale=1.605000
fWaveSmoothing=0.700000
fWarpScale=2.853000
fZoom=1.064000
fWarp=0.000000
fWaveR=0.500000
fWaveG=0.500000
fWaveB=0.500000

[shape00_0]
bEnabled=0.000000

[shape00_1]
bEnabled=0.000000

[shape00_2]
bEnabled=0.000000

[shape00_3]
bEnabled=0.000000
