[preset00]
fRating=5.000000
fDecay=0.993000
nWaveMode=6.000000
bTexWrap=0.000000
bMotionVectorsOn=0.000000
bDarken=1.000000
fWaveAlpha=1.453351
fWaveScale=0.923479
fWaveSmoothing=0.090000
fModWaveAlphaStart=1.600000
fModWaveAlphaEnd=0.750000
fWaveR=0.500000
fWaveG=0.500000
fWaveB=0.500000

[shape00_0]
bEnabled=0.000000

[shape00_1]
bEnabled=0.000000

[shape00_2]
bEnabled=0.000000

[shape00_3]
bEnabled=0.000000
