[preset00]
fRating=0.000000
fDecay=1.000000
fVideoEchoZoom=0.999608
fVideoEchoAlpha=0.500000
nVideoEchoOrientation=2.000000
bWaveThick=1.000000
bMaximizeWaveColor=0.000000
bTexWrap=0.000000
bDarkenCenter=1.000000
fWaveScale=0.011046
fWaveParam=-0.420000
fWaveR=0.500000
fWaveG=0.500000
fWaveB=0.500000
fOuterBorderR=1.000000
fOuterBorderA=0.900000
nMotionVectorsX=1.280000
nMotionVectorsY=1.248000
nMotionVectorsDx=-0.060000
nMotionVectorsDy=-0.026000
nMotionVectorsLoop=5.000000
fMotionVectorsA=0.000000

[shape00_0]
bEnabled=0.000000

[shape00_1]
bEnabled=0.000000

[shape00_2]
bEnabled=0.000000

[shape00_3]
bEnabled=0.000000
