[preset00]
fRating=0.000000
fDecay=0.942000
fVideoEchoZoom=1.006500
fVideoEchoAlpha=0.500000
nVideoEchoOrientation=1.000000
nWaveMode=5.000000
bWaveThick=1.000000
fWaveAlpha=0.799900
fWaveScale=1.549220
fZoom=1.040604
fCX=0.470000
fWaveR=0.500000
fWaveG=0.500000
fWaveB=0.500000
fMotionVectorsA=0.000000

[shape00_0]
bEnabled=0.000000

[shape00_1]
bEnabled=0.000000

[shape00_2]
bEnabled=0.000000

[shape00_3]
bEnabled=0.000000
