[preset00]
fRating=0.000000
fDecay=0.960000
fVideoEchoZoom=1.000000
fVideoEchoAlpha=0.500000
nVideoEchoOrientation=1.000000
nWaveMode=7.000000
bMaximizeWaveColor=0.000000
bTexWrap=0.000000
fWaveAlpha=1.000000
fWaveScale=0.224562
fWaveSmoothing=0.000000
fWaveR=0.000000
fWaveG=0.199900
fWaveB=0.700000
fWaveX=0.600000
fOuterBorderSize=0.500000
fOuterBorderR=0.030000
fOuterBorderG=0.150000
fOuterBorderB=0.250000
fOuterBorderA=0.020000
fInnerBorderSize=0.500000
fInnerBorderR=0.100000
fInnerBorderG=0.500000
fInnerBorderB=0.500000
fInnerBorderA=0.010000
nMotionVectorsX=64.000000
nMotionVectorsY=48.000000
nMotionVectorsLoop=0.000000
fMotionVectorsR=0.000000
fMotionVectorsG=0.700000
fMotionVectorsA=0.500000

[shape00_0]
bEnabled=0.000000

[shape00_1]
bEnabled=1.000000
nSides=3.000000
bThickOutline=1.000000
fRad=0.250000
fA=0.100000
fBorderA=0.400000

[shape00_2]
bEnabled=0.000000

[shape00_3]
bEnabled=0.000000

[wave00_0]
bEnabled=1.000000
bSpectrum=1.000000
fR=0.000000

[wave00_1]
bEnabled=0.000000

[wave00_2]
bEnabled=0.000000
