[preset00]
fRating=0.000000
fGammaAdj=1.500000
nWaveMode=1.000000
bAdditiveWaves=1.000000
bMotionVectorsOn=0.000000
fWaveScale=1.386143
fWaveSmoothing=0.000000
fWaveParam=0.900000
fWarpAnimSpeed=1.008151
fWarpScale=3.151486
fZoomExponent=0.100000
fZoom=0.801925
fWarp=0.000000

[shape00_0]
bEnabled=0.000000

[shape00_1]
bEnabled=0.000000

[shape00_2]
bEnabled=0.000000

[shape00_3]
bEnabled=0.000000
