[preset00]
fRating=5.000000
fDecay=0.983000
fVideoEchoZoom=1.006596
nVideoEchoOrientation=3.000000
nWaveMode=3.000000
bTexWrap=0.000000
bDarkenCenter=1.000000
fWaveScale=2.047093
fZoomExponent=3.394161
fZoom=1.008148
fWaveR=0.500000
fWaveG=0.500000
fWaveB=0.500000
fOuterBorderA=1.000000
fMotionVectorsA=0.000000

[shape00_0]
bEnabled=0.000000

[shape00_1]
bEnabled=0.000000

[shape00_2]
bEnabled=0.000000

[shape00_3]
bEnabled=0.000000
