[preset00]
fRating=0.000000
fGammaAdj=1.000000
fDecay=1.000000
fVideoEchoZoom=0.999786
fVideoEchoAlpha=0.499900
nVideoEchoOrientation=3.000000
nWaveMode=2.000000
bAdditiveWaves=1.000000
bWaveDots=1.000000
bWaveThick=1.000000
bMaximizeWaveColor=0.000000
fWaveAlpha=0.842588
fWaveScale=0.445820
fWaveSmoothing=0.000000
fZoomExponent=1.759877
fZoom=0.991498
fWarp=0.010000
fWaveR=0.500000
fWaveG=0.500000
fWaveB=0.500000
fOuterBorderSize=0.005000
fOuterBorderR=1.000000
fOuterBorderA=1.000000
fInnerBorderSize=0.005000
fInnerBorderR=0.000000
fInnerBorderG=0.000000
fInnerBorderB=0.000000
fInnerBorderA=0.700000
nMotionVectorsX=64.000000
nMotionVectorsY=48.000000
nMotionVectorsLoop=0.200000
fMotionVectorsR=0.000000
fMotionVectorsG=0.000000
fMotionVectorsB=0.000000
fMotionVectorsA=0.800000

[shape00_0]
bEnabled=0.000000

[shape00_1]
bEnabled=0.000000

[shape00_2]
bEnabled=0.000000

[shape00_3]
bEnabled=0.000000
