[preset00]
fRating=0.000000
fGammaAdj=1.980000
fDecay=0.940000
bDarken=1.000000
fWaveAlpha=0.001000
fWaveScale=2.987793
fShader=1.000000
fWaveR=0.500000
fWaveG=0.500000
fWaveB=0.500000
fMotionVectorsA=0.000000

[shape00_0]
bEnabled=1.000000

[shape00_1]
bEnabled=0.000000

[shape00_2]
bEnabled=0.000000

[shape00_3]
bEnabled=0.000000

[wave00_0]
bEnabled=0.000000

[wave00_1]
bEnabled=0.000000

[wave00_2]
bEnabled=1.000000
