[preset00]
fRating=0.000000
fDecay=0.900001
nWaveMode=6.000000
bTexWrap=0.000000
bMotionVectorsOn=0.000000
fWaveAlpha=5.053452
fWaveScale=2.448587
fWaveSmoothing=0.900000
fWarpAnimSpeed=0.010000
fWarpScale=0.010000
fWarp=0.010000
fWaveR=0.500000
fWaveG=0.500000
fWaveB=0.500000
fWaveX=0.499900
fWaveY=0.499900

[shape00_0]
bEnabled=0.000000

[shape00_1]
bEnabled=0.000000

[shape00_2]
bEnabled=0.000000

[shape00_3]
bEnabled=0.000000
