[preset00]
fRating=0.000000
nWaveMode=3.000000
bMotionVectorsOn=0.000000
fWaveParam=-0.440000
fWaveR=0.500000
fWaveG=0.500000
fWaveB=0.500000
fWaveX=0.070000

[shape00_0]
bEnabled=0.000000

[shape00_1]
bEnabled=0.000000

[shape00_2]
bEnabled=0.000000

[shape00_3]
bEnabled=0.000000
