[preset00]
fRating=5.000000
fDecay=0.999000
fVideoEchoZoom=4.013491
fVideoEchoAlpha=0.500000
nVideoEchoOrientation=2.000000
nWaveMode=6.000000
bMotionVectorsOn=0.000000
fWaveSmoothing=0.000000
fWaveParam=1.000000
fWarpAnimSpeed=3.300382
fWarpScale=2.704811
fZoom=1.010000
fWarp=2.448628
fWaveR=0.500000
fWaveG=0.300000
fWaveB=0.000000
fWaveX=0.080000

[shape00_0]
bEnabled=0.000000

[shape00_1]
bEnabled=0.000000

[shape00_2]
bEnabled=0.000000

[shape00_3]
bEnabled=0.000000
